-100 -’

1(1 (1(1 1111111111, 11 1111 1(1 11111 1(111111. 11111 1111 11111,

11111111 (1(1 (11( 1119 1111111, 1111111191, 11(1(1 119, (1111 1(11ε 3
[11111111111191111. ’1111 1(1 1191111111 (1111111111 1119, 111 1
1(1 111111 111(1 9(111 9((1 ’1, 111 (1 1111111 11119111 (11111 111111. .

Datum) 1(19(1(11’1 (11 11(1 111111 1(1 1111111111( (1111(1111 11(,111
11( 111 1(1 11111 1191111111 1111 9(1(1111 111. 31 11111 1(1111111 '

1111111111,1111111111111(ι(1111111(111(1(111(191(1,111911· 1

1111111111 11111119 1(111 0111191111111111191191111111ἑ 3
11(1111(1911911(111(1(9(11911111111,(1111(1111111111111111111’

1(19. 0111111111 111191Β (1 ((1 11111 1111111111 11( 1((1(, 111 1(1 (1 1
1111111 (111( 1119 9(11(1 11 11111 (1, 111 1(1111, 111 [1(1111 1(1 11111 ’1, ¹
1111(1(1(111(1111(11191(111111111111111111111 (11(111(11((11191(1ι ’
1(1111(191(11(19111111111, (11(111111111111111 1(19(11(11’1 1

,111111(111(1(11(.1 11((11111111111 (11111111 (11(11111(111(1(1 9111111ξ
(1111111111119111 911.(1 · ¹

Β(111(11(111ιι111(1(111111119 91111111, 1(1111
911 (191111 (1111 1(1 1111111111 ’1
1111111111111 111(111(1111111ι“1(1119(’1111111111111111111111111(ι”1
(1111111111111111,1(11(11(1”111111111119111111111(11(11111111

((1911 11 (1 1111111( (1 (11(1111(111(111(111111(1, 1111111111 1111111
1(1(111111111111Ᾰὲ1 1111(((1111111(1111(11111111111111111111,

1111111111191,11111111111191111111 11(11(111(1911111(11111”1 ,
911111111111111111119111111111111111111,11111(111111(’19111(1,ξ
91 11(( (1119(1911111(11(1(1, ((11, 1(1 11111 111111 1(1 (11111191 ἶ

1(11111111111111 111(11’1 1(1111, 11111 11111. 01111 11111
1119 11111111( 91111, (1 1119 11 (1(1 11111111 1(111(1(1, (111111
((1111 111 1(1 1(111911 ὓ91111 11 11111( 119 91911111 ι1(ι1(1, 111 1(1
(1191111111 011111111(11(1119(19(1111(111111(1, (1111111111)
(11111111111911111, 1(11111111119 919(1(1(19(11(1,11(((1(1(1(1(111
1(11’1 1111111 111 (1(111(11’11,111ι1(9 1111111111 (111 111

1(1(1, 1111 (1119 1(11’ ¹) 1111111911 9111 1111111 9111(1,’ ’1 11( 1(111 11(11’ (19

’10. Ι) 9111- ’10 1119119 -111111111111, D.— ’.10 111111. D
1111111.-- ’.10 (19191191.Ι(1111Ι)-’.·10 0111111111.- ¹.)G 1111111·
(111111111111111-110 911191. D. 9111191- ’110 (1.1(111 011111111111111111
D.- 1Β1101) 111-”1000111111.-’1101111111ν
¹¹) 0 in marga 1111111 11111 muter 11111 1111. Idem D, 11111111 pro 1111. -

¹⁵) 0. Ι). 111111- ”..101) 111111.- ”1Β. 91111111 1111111. 0. 9111111 2

11111111111191111111.Ι).9(1ι(11111(1(111(191111(1(ιι.- ’10 D. mmm.-
”11(1ιι(,111.0.Ι)-1911111991991011, 111(11(11.-’.1Β 1111111111

, 1(1.0111111111(9119111111.1(111111111911111-1001111111

 

