..lw-

33333333 333 333333 3333 333333 jein, 333 33 333 333 3333333333
333 geist& 3¹1 333 ’333 33333, 333333 333333 33 3¹¹ 33333333 333 33333333
{a 333 33333, nit 3u 333333 trost 333 3333333333

237. 333 33133 333 ist, 333 ste 33333, 333 ste in 33 {imm 32th-
333 3333 333 ist 3333, 333 3333333333 3 3333333 333333, 333 333
333333 3333333 333333 3331), 33333 3333 3333333 mangelt 33333 3333
3333 3333, 333333 333 et (333333 333 333 333 3313 3333, 333 §eiua
33333 333 ist, banu’) 333 333 33333 333333 3333 nit 33333333 333333 333
333 333 au 337333, 333 333 et 333 333 33 333 33333 33 im 3333
geben 333337 ’

238. &t 333 333 333 3333, 333 3333 333 im 3333333337 33 33
333333 33313333, 33333 3333 333 {elba 3333333333, et 333 33 33333 33333
3333313331) 373333, 3333 33 331 3333333 311 33333 3333333334),
33333 333 33 333 3333333333 333 333 333 [33333333 333333. &imni
3333 333 333333 3333 33333 3333333333 33 333 33333333 3333333, 33
et 3333 3333 3333 333 33333 333333 333, 333 et 333 3333 33333333
33333 3333333, 3333333 3333333333, 333 3333333 3333333 33333333 333 333
3333333333 3333333333, 33 333 333333 3333333333 333 33333 ist, 333 333
333 3333 333333, 33 33 333313 3333 33333333 333 3333 333

239. Qut& 333 3333 33333333 et 333 3333 333 3333333333), gemini
3333333 33333 3333333 3333 3333 333 333333, Met 3333333 333 333
333 333 333333 333333 33333 3333 333 33333 33333333 333 333333,
333 333333 33333, 3333 33333133 3333333333, 33333333 333 3333333
3333 333 333333 3333333333, §Die 3333333333 333 333333 333 33333333
3333333 333 3333333 3333 333 3333333333 333333, §xe netfolgnng 333
333333 33333333 333 3333333 33333 333 3333333 33, 3333 333333 33

1333333 333 3333333 [333333 333 3333333 3333 333 3333333 3333333. - ’ ¹

’ · 240. 3333 333333 333 333 3333 33333333 333 333 333 (333332
3333333333 3333, 3333 333 §ein 3333333. 333 angit? 3333, 3333 333
jein gefirmct. 333 3333337 33333, 3333 333 33333 333333 333 333333
&bristi 3333 3333 31333 33333333. 333 3333333 3333, 3333 33 {ein 333
33333333 33333 33333333 333 33333 333 3333333333 33333333. &fas
133333 333, 3333 333 33333 {ft 3333333333 3333333333 33333, 3333

333 3333 3333 333 (lie 333 (333333, 3333 33 33 (333333 33333333 m
3333337 33333, 3333 mit 3333 33333333 mit 333 33 333 3333333333,
mou 333333 iffi 333 3333333 333333 333333, 333 in 3333 333333 abs
‘ 3333333 333 333 33 333 333, 333 ist 33 (333333 33333 333333 33333.

¹) In mam: 33333. 10. 3. - ¹) In 333333 33 333. 8. 3. - ³) Ed. pn:
3333333333. - ⁴) Ed. pn: 3333333333. - ⁸) In mm: 333-333. 18. c. »prot
333-’31333333 meme. -

 

