-114-

’ 999999 99 9999 99η, 99 9999999991), 99999 99 99 gabea
999999 99 999 9999 99999999 99999 999999 9999 9999999.

Det 999 99999 9999 9999 999 9999 99999999999999 999999999999
9999 999999 9999999.

9399 9999 9999999 ¹) 999 [999 999999 999 9999999999 ¹) 99999999
999999, 99999 999 99999999 99 lere, 999 1999 9999999 99 99999999999999999,
999999 9999 999999, 999999 99999999, 9999 9999. 699999 999 9999 99999, 99 999999
999 9999 99999 999 9999999999 999999 9999 9999999 999 9999999999. &est 99) 9999999
9999, 99 999999 999 9999 99999 999999 999, 999 9999999 99999 99999 999919 9999999
9999999999 999999, 9999999999 999 999999 9999999999, 9199999 9999 999, 999
9999999999 999999999999999999999999999999999999991999999999999
9999 999999 m 9999 99999999 991999 99 999 999999 999999,9 9999 99999 99999999
999 9999999 999 9999 99999999, 99999999 99999 999 9999999999 999, 999 99999
999 99999999, 99999999 9,9999 99999999 9999 999999, 9999999999 9999999999 999, 999
9199999999 99 99999999 999 9999 9999 9999 9999 9999 999999 999 99999 9999
9999999999 9999999, 999 99 9999999 99 999999 999 99999, 99999 9999 999 99999
99999 999999. 99)99 99999999999999 9999999 9999 999999 9999 9999 9999, 99999
99999999 999 99999 9999 9999 99999. Demnacl)g 9999 999 9999999 999 99999
99999 99999 999 9999 999 9999999999, 9999 999 99 999 9999999999 99999999
9999999999 9999, 99999 999 9999 9999999999, 999 99999 999999999999 99999 9999999
9999 9999 99999 9999 999 99999. 6999999999 999, 99 99999999 9999 9999,

9999999999· 99 99999 999 9999, 9999999999, 99 999999 999 9999. 9199999999 99 999. ,

99 99999999 ¹¹) 999 [999. 9999999 999 99999999 ¹¹) 99 9999 99999999 999, 999
999999 99999999 9999, 99 9999 999999 999999 9999 999 999 99999 999, 9999999 999 999
9999999999 999 999 99999999, 9999999999 9999999 999 9999999999 999 9999999999
9999999, 999 99 999 9999999 999 99999 999999 99999999, 99 999 999999 9999999
99999999 999 9999999999 999999, 9919 9999999 999999 99999 99999999 999999 99999 99999.
999 99999 999999 99 999 9999 999999 999199 999 9999999 9999 99999 999, 999 99999999·
9999 99999999, 999 9999999999 9999999 9999 9999999999, 99 met 999 9999999999
(9999999, 999999, 9999 999 99999 99999999, 999 99999 9999 9999999, 999 9999999999

999 99999999. 999 999 9999 9999 9999999 999999 99 999 99999999 9999999999 ²⁰)
999 9999 9999· 999 9999, 9999 9999999999 9999 99 999 999999 99999999 99,

-—-—--·—-

’.90 adda )1)e1.1t D. 99999.- 99Β. 9999999999, (1,.Β9999999999.- ¹)GD
a.dd: 999919- 991). 9999999999 99199999999999999. (1..Ι).999999999999-
¹) (1.999.999999ιι D. 999 9991999.- 99 Β. 9991999. G. 999999, D. 999999 -

.’9019999999Β999999999999,99991)99999999999999999.19199919999919999· .
999999999919999999999.-9..90Ι) 999999- 999999 om..-D 99.).169999919999

—¹¹).A 999999 999999, C. D. 999, 9199999999,- ¹¹.)A 9999999. (9.1). 99999199.-
99.)Β99999 999999 Ο..91)999·99.-19.901)1999999 9))9999999999999999999991·
- Ι99 0199999999- 999 (1.1). 9999- 999 0.1).999999,-999 (1199999999.-
¹¹) 0 add.: 999999 919 9999. Idem D. - ¹¹) D. 9999999999, -

 

