..77-

111δ 11111111 111 111 1111 1111 1111111 1111111 1111111111 11 11111111, meib,
111111 111111 mutter), 111111 1111111111 bein 1111, 1111111111111111
111111 1111111111 111 111 111 bein 1111111111111111111111 11111 111δ11
1111111 11 11111111111111111 311 11111 111111 111 1111 1111111 1111111111,

11111111111111 1111δ1 εε 11 11δ11ε 1ε,11111 1111111111 11111 11111 1111111111,
11111 111111 1111111111 111111, 1111111111111 11111111, 11111111) 11 111111
1111111, 1111111111 11 111111111111111 1111111111. Aa) 111111 bod) 11111,
. 111111, 1111δ111, 111111111111111111111, 11111111 1111 111ε111ε11111 1111111111
Μ1111111111111 1111111111, ban 11111 111111δ1111 111, 111111δ1111111111
1111111, 111111, 1111111 ετ, 11111111 11111, 11δ 11111 1111111, 1111111111
11111ε11111δε, 1111111111 11111 111111 111 1111111111111111111, 111
11111 1111111, δ111 111 1111, 1111111. 11111111 111111 ε1 11111 1111111111 ςεε
11111111, 11111111 δ11 111111, 11111 1111111111, δίε e) 111111111111111 δ11
111111εὲ1 111111, 111 111 δίε [t'ebe 1111 111111111111111 bt) 111111111111
111 1111111, 11111ε 11111111 gan), 111111δ 1111111, 11111111111111111111111
1111111111 11111 111 111111, 111111 11111111 111 11 11111, b) 111111 11 ,
,11111111 1111111111 1111 δ111111111111111, 111 δ11 1111111111111111, 111
1111111111 11111111 11111 111, 311111 11 1111111111 1111 ⁸) 1111111111, δε1
11111 [tebet 111111 111, 1111 111 1111111 11111111 11111111. 31111 1111111111
1111111111 gab 11 111111 3111111111, 1111111 11111111111111111 111, 111
1111 111111, 1111111111 111 111 11111 11111113 11111 11111, 111111 111111
genu), δ11 δ1111111111 11111 1111 1111111111ε111111111111ε11, 1111111111,

1111111111 1111111111, δ11 11 1111 11111111 1111111111 111 11111 111111 .

11111111, 1111111 111111111111111 aue, 111111 1111δ1111111111111, 1111
111111111111111111111,111δ11111111111111111111111δ111111111111

, ε11δ11 11111111111111. 11111111δ111111111111111111111,1111111111111

- 11111111 1111111111) 1111τί111 111 11111 1111111 1111111111ε1111δ1ε11ε1
1111111 111111 111 1111111. 3111111111 1111111111 11111111111111111111
111111,1111111111111111111111111,111111111111111111 1111111111
1111111111111111111111,δ111111111111111111,δ111εε111111111111ε1111
11111, 111111111111111 11111 111 11111111, δ1 1111111111 111111 1111111, 111 111
111111111111111111111111 11111111, 1111111111 111111 111111111111111111,
δίε δ1111111111111 111111111111111111111111, 11111111 1111δ1111 1111111
111 11111111, δεεε 11111111111111 δίε 111111 1111111111, δ111111111111111 ’
1111111111δε1 11111111, 111111ε1111δε1 11111111 1111111111111111111111,

δ1111111111111111111111111111111,δ1 111δ111111111δ 11 1111111111, 11
1111111111δ111111111111,1111111111 111111 11111111111111111111, 1111111
1111111111, 1111δ1111111111111111111111111, 1111111111δ11111,111111111

¹)A 1111111131 3,1111.11111Ἰ(1111 B.- ⁸.)B 111111111111111
813..3111.-- ι1.Β 11111111- ⁸)A. 11.-’1Α.11111111111.-’.13 {Det
111111.- ’.1111111 Β..11111- ’11.1111. 31111.

 

