--69-ὲ

1111111111 1111 111111 1111111 111 1111 111111111111,11111 1111111,
1111111111111111111.111111111111111111111111111111111111,111
111 1111111111 11111111111111111, 1111111111 1111 111111 1111111111,
111 1111 1111111111, 1111111111, 11111111 11111111, 1111111111111111
11111, 1111111 1111), 1111111 1111111, 111 111111 11111111, 1111 11111
1111111, 1111 11111111111111111111. 111111 111 111111 11 111 1111111111,

· 1111111 11 1111111111, 1111111, 1111 11111, 11111111111111, 11111111 111,

111111 1111111111 111111), 111111111, 111 111 1111 111 1111111111
11111, 111111 11114), 111111 [111111111111111 111 111 111111111, (11
111111 11111 11111111, 111 111 1111 11111 1111111 1111111111, 111 11111111
’ 11151 111 111111 111 111111 11111. 1111111 11111111 11111111 1111111
1111 1111111111 111111, 1111111111 1111111111, 111 111 1111111111
1111111111111111111, 111111111111111111. (11111111 1111111 1111111 .
11111111111111’111δ111111111111111,11111111111111111111111111111
11111111111111111111, 11111 111111,11111111111111111111.111111
811111111111111111111111111111111111111111111111111111111111
1111111,111111111111111111111111111911111111,11111111 1111111,

, 11111111111111111111111111,111111111111111 111111, 111 11111

1111111111111111111111111, 1111111111111111111111111111 1111111
111111 11111 111 11111 1111111,11 111111 11111 1111111111 11111·
111 11111, 1111 111 11 1111 111111 1111111111).11111111111111

· 11111 1111111 111111,111111 1111111 11111 111 1111 11111 1111111 1111

11111111 1111131111 11111111,111 1111111111,1111111111111111111
111111111Β 111111 111 1111111111 111111111111111 1111 1111111111,
1111 11111111111111111 1111 1111111111111, 1111 1111111111111 11111 11111,
1111111 1111111111 1111111, 1111 1111 1111111111 11111111, 11111111
111111111111111111111, 11111 11 1111111 1111111 111111 111111
11 11111, 1111 111 11, δ11111 111, 1111111111 111 1111, 11 111·
111111 11111111111111111111,1111111 11111111111111111111111
1111111111111111111111111111111111111ἠ),1111111111111111”1111

1111111111111111111111111111Η.) (11111111 1111111111 1111111

’11111111111111111111111111111111111111111111111111,1111111
1111 111111 111111 11111111 111111’ 1,1111111 1111 1111111111111,11 11

-ῌ--ι-ω-

·)A 11Β in marga ,,111111.11.11.”- ²)A etBin marg.: ,1111111
11..11’--’1Α 11Β11111111 ,,.111111. 11.’-’1Β11111. 1111- 11111111.-
’.11)Β1111.-’1Α11111.11·,11111111.11.” Eundem quidem locumB
111111111111111111.1.-ΧΙ’1111Β1111111.;,,11111.111.11.’-
’1111111111111111.1’111111111Β-”)Αε1Β11111.ε,,ἵ111
111. 11.’ Β. 1111111 1111 11. . . .
per errorem: ,,(11111.1111111.”- ’1111111811 marga ,,111. 11111111- Η) Α
11Β11 marga ,3111 11. 1111.’ .

 

