-137-

,kin 11111111111111111111, 111 111 1111111111 1111111 1111111 1111111
1111111111, 1111111 111111111111111111111111 1111 &tannia 11111111,
111 11111111111111 1111111111 11111 1111111111, 1111 111111 111111 111 Ι)
1516 11111, 111 11111111 1111, 11111 111 111 1111111111 1111111111 1111111111 ·
111.1” Sequitur imago quam in altero volumine describam, tum
hi 1111 1111111111 15. 111111. 17.11)111111111,111111111111111.1
111. 1111. Θ. 1” 34 folia formae 11111111τί111, quorum 1111111 pa· .
gina nuda ¹).

11111 1111111111 (111111 111 1111111, 111111 1111111111 (11111,
111 1111 1111111111 11111111, 11111111 1111 1111111 1111111 111 61111111,
1111 111 111 111111111111111111111111111111 1111111, 1111 111111
111111 11111111 111111 111111111 111 111111111111111111111 11111 111 .
1111111111. 1111111111 11111 111 1111111 111111 111111 1111, 1111111

, 1111111111111111111111111111, 1111 11111 111 1111 11111111 1111111111

11111111111111, 1111 1111111 11111 11 1111 11) 111 11111111 111, 11111111

, 1111111111111111 1111111111,1111111111,11111111,1111111111111111111111 11111

11111 1111111 1111111 111, 1111 1111111111111111, 111 111111 11111 111111
111111111111111111111111111 1111111111, 1111111111 111 1111111
1111 1111111111, 1111111111 1111111111111, 111111 1111 1111111111 11111111.
111111 11111 1111 11111111111111111111111111 1111111111, 1111 11111111,
11111111111111111111, 1111111111111111, 111 1111111111 11 11111111

111111 11111111,111111111 111111 11111111111 1111 11111 1111111 11 1111111 11
1111111,1111111111,11111111111θ11111111111111 1111111111 1 1111111111
111111111111111111111,1111111111111111111111111111111
1111111111111111111111111,11111111 1111, 11111111111111111111111111111111
1111111111 1111111111,11111111111111 1111111 1111111111 1111111111,

’ 111111111111111111111.11111111111111111111111111111111111.

1. 1.,111111111111111111111111111111111111111111,1111111111ε

Ι 1111111 11111111 1111, 111111 1111111 11111111111 111111 1111 1111111111 ju:

1111111 1111111 11111, 11 111111 1111111111 111 111111 11111 111111
1111111111111, 111 111111 111111111111 111111 111, 111111 111111 111111
11111111 11111111, 111 11 1111111111 111, 11111 1111111111, 11111 1111
111111 1111111111, 11111, 11111 111111 11 1111 11111111 1111111 1111111 11
1111111111, 1111 111 1111111111 1111111 111 1111111111 1111 111, 11111 111
11111111 (11111111 1517
1 111111.. 11
mein 111 1111, 111111 mid> 11111
11. 3. 11. 6.

¹) Sin ed. pr. pro 111. - ¹) Ubi Geuder 11 Grimm in describendo li-
bello 1. me discrepant, fide non 1111 digni.

 

