-174-

00 W 0οἴ 0000000000 bess 000000 000000 0000 000 0000, 000 0
00000000 0000 0000 0000000000 000 000, 000000 0000 000 0000, 0000 [00000 ’

000 0000, 000 000000 00000 00000 00000 00. ¹
200. 000 000000 000 000 0000000, 000 0000 000000 000 ’000000 0οι 0

00000 000, 000 [000 0000 0000000000, 000 0000, 000 00000 00000000 0000, ζ

0000 0000000000 000 000000000 000 000 00000000 130 000, 000 0000 00

ἱ 000 00000 0000000οη 000 000000 0000 000 0000 000000 000000.

201· 0000 000 0000 00000, 00 0000 00000000, 000 000 60000000, 0
0000000 0000000, 00 000 000 000 000000 00000 000 000, 000000 000οε 0

0000 0000 00 0000 00000 00000000, 0000 000 0000 0000 0000000 000 00000 y
00000000 0000 0000000000, 000 0000 femfel' 000 0000000 0000 0000000 0000000 3

00 000000 00 000, 000 000 000 000 0000000000, 000 0000 00000 00000
00000. ³

202 0000 00000 00000 0000000 000 00000000 000 000000, 00 000οε 2
0000000 00 0000 0000000000 000000, 000 00000000 000 000000 000000 000 ³
0000, 00000001 0000000 000 00000 0000 0001000, 00000 000 000 0000000000οἰ0 .

000 000000, 000 000000 0000000000 000 00000 000 0000000000 00000000,
000 000000 000 00000000 00000 000 0000000000, 000 00 0000 00000000

. mitbbet, 000 000 000 0000000000 000 0000οΙ0 000 000 000000 00000000
000 00.

203. 0000 000 00000000, 000 000 0000000 0000 000 000000, 0000

· 000000 0000000000, 000 000000 000000 0000 000 00000000, 000000 00000000

0000000000 000 00000, 00000 000 00000, 00000000, 00000000, 0000000000

000 000000, 00000000, 00000000, 00 00 000 0000 0000000000 0000000000, 000 ’

000000 00000 00000000, 000 000 00000 00000 0000000 00000 00 0000000οε
00000. (00000 0000 00000 00000000 0000 000 0000 000 000 000000 000
0000000 00000 00, 000000 000000 000 0000 000 00000 0000000000, 000 00 00
000 00000 0000000000 000 00 0000000 00 0,0000 00000000 000 0000 0000 000 0
0000000000, 0000 000 00000000 0000 0000 0000000000, 0000000 000 000000
000 0000000 000 00000 00 0000000 000000, 0000 00 000000 00000000 000

· 0000 00000000 000 000 0000 00000 000 000000 00 3000000000 ).

204. 000 0000 000 0000 000 00000 000 000000000, 0000 000 000 00000
000 000000 00000 0000 00000 000000 000 0000 000, 0000000 00000000 0000
00 000 00000 00000 00 000 000000 000 00000000 00000000, 00000 000 0οε
000000 0000000, 000 000000000 000 0000000000 0000000 0000000000 000000
00000000 000 0000 00 000000 000000 0000 0000000 000000, 00000 000 0000000

0000 000000 00 0000 00009 00000000 00000, 0000000 0000000 00000 00000000.

ᾖο10008130οἔ0. ς000000. 000 0000100οε ς0000ιο 13. 0 sed 000 vulgatae edi·
onisps.

 

