..153-

111 1111 1111111 1111191 11111 1111 1111111111 11111 1111111111 11111, 1111
’ 11111111 11111 111 91111111 11111, 111 1111111 1111 91111 9111
11911111 1111111.

, ’121 11111 111 1111 111 9111111 1111111119 111 111111 1111111 111
1111119111 91111 111111) 11111111, 111 9111111 9111 91111, 1111111111

1111111111 91111 1111 91111, 111111 1111111119 111, 1111 11919111 111
91111111911111111, 111 111 111111 111111 111, 1111 111 111 111111 1119111,
111 1119111 111 91111111191111111 911111.

130. 11111 9111 111 11111111 1111111, 1111111111-111 91111 1111111
1111111111, 1111111 11111111, 11111 1111111111 111 111111 111 911111
111, 1111111111 11111111, 111 1111111 9111111111 1119111111, 11111 11111111
111111111111111111, 1111 1111 111111 111 1111 11191, 1191111
1111 9111119 91111111 111.

131. 1111111 1111111 1111111111, 111 111 11911111 11111111 9111
1111 111111, 1111111 1111 911 1119111111, 111111 1111111 911111 911111
111 1111911111, 1111111 1111111 11191111111111911111111119 91, 11111
911 11911111 91111111 11111111, 1111 111 11111111119119, 1119111111
9111111 91111111 1111111.

132. 1111 1111 111 111111 1111119111, 1111111111911111191111911) ι
1119111111 1191111 9111111 1111, 111111 111 111, 11111 11111111, 111
11 1111111, 111 111 9111111, 1111111 111 111 911111.

1111 111 &tie 111 9111111111 1111111 11 111 1111
111 11111111.
1111 111. 111.
133. 111111 111 1111111, 111 111 1111111111 9111111 111 1111111,
1111 11111111 11111, 11 111 91111 919111111111111911111111111. 1111
11111 1111 91111 111191 91 1111111111, 11111111 1191111111 1111111111,
1111 1111 11111, 1111 11 et 1111 1111111 111111, 1111 1111 111111 111»-Χ
11911 111.

114. gu 11111119 11111 9111111 11111111 1111111 11191 91 11111111,
(11111111 1111 9111111111 1111111111, 11111 11111 111 11111111 1111111,
11111 11 111 91111111 1111111 1111111 1111, 1111 111 1111111119 111
11111111, 11111111 91111111111111 111111, 111 111191, 11111 911111
111111 11111111 1119111 111 11111 9111111111, fo 111 111 111111 111
111 1111, 1111111 11 111) 11 111 111111 91 11111 111111 9119111111

135. 311111) 11111111111 111 mal, 111 11111111111111 111,
1111111 111111· 1111911 1111119111111 1111111111 111 911911 11111111,

*1331111911 911111111111.-’)Ε11.ρ1.; 111, 9111191. - ⁸) In 111111
111. ,1. n*

 

