-175-

205.111111)19111 1111 91111111 1111 11111 0911111111, 1111111111,
11111111, 11111911 01111111, 111111911 1111 111119 1111111111, Ι) 11111111 111111
1111, 1111111 aud) 11111111 11111 11 9111 1111111111, 1111111111 111111 1111191
11111 1191.

206. 1111 9111 0111111111 111 1111111119 [111111111111911111111 111, 11
111 1111111111111 11111 1111111111 111 1111111111, 1) 1111111111 9111111111, .
1111 1111 11111119 1111191 1). 111111 111111, 1111 11 1111111111 111 11111111,
111111, 1111 0111111111 1191, 1) 1111 11111 11111 11111 111 1111111, 11111111
111 1111111111. 111111111111911111 111 1111 1111 11111 1111, 111 11111111

111111111 91111911111111,11111111111.

207 111111111111111119111,111111111111111,111111911111111,
1111111111111111111911111111111111111111111111,11111111111119111111111
1111111 11111111 1111111111 1111111111), 111 111111 9111111),11111191111911111
1111, 1111111 111111 111 9111111111 01111111 11111 1111 11111) 9111111911 11111111,
11111) 111 91111 9111, 11111111111191111111111191110111111111111,11111
1110111111,111111111111111111,111191111111119111111111,1111111 1111
11111111 11111,1111)1111911111 111111) ,1111 1111111119 111 1111111111,
11111111 1111111111 1119 91911911111111 11111011111111111111111111,
11 1111111 1911111111 1111111911,11111111 1111111 11111111 9111111

101111 11111111 11111111 1111 111111 11111111 11111 11 11111, 11 1111
1111 1111 1111 111 9111111111 1111 1111111 9111111111, 1111111 1111111111 111
111 1111111911, 1111111 9111111911 11191111119111, 11119111 111 111111 11111111

9 1111111111911111111.

200. 1111 9111111111111 1111 11111111 91911119, 1111111 11111111111111

, 111 1111111 111111111111111, 1111111111 1111111, 1111111, 1111111111,111

9111119111, 11111 111 9111111111, 1119111111, 1111111111 9111111, 1111111
9111111111, 11191111 111 111111 111111 11111 111111 111 11111
’ 2101111111111 111 111111119111 91111911 1111111 11111 1111111911

³ 1111111111, 1111 0111111111 91111119 111 1111111111, 111119111111111111
11111111 111111 11111111 111 911 111 91119111 1111 1111111111 911111, 111111
111 911191111111 91111111 1111111111 1111191111, 11111 11111111 9111111111
9111 11111111 1111 11111111, 1111111, 1111 911111111111111111911919111191 911
9111911111 (1111111, 1111111 111911111111111119, 1111 11191111111119 1111111111.

211. 11111 91111 111111, 111 11119 111 1111 11111 111111 11111111 11111
111111111111191911119. 11111111 1111111111 9111119 11111119 91111111,

= 191111111111119111191111, 11111111111111191119 1111111191, 111111 111111

¹)Inm marg. (111111111111111911111 11111111111111 1111111111.- ¹)In
1111199 31111. 16. 111.- ⁸)Inm m.arg: 31191111. 12..-1 11).11ω1119 guban.
111-11111111111-1111111191311118.1.-1).11111ι911111.
25. e. sedreete 11111111·(111.25.

 

