..- 6663 ,- 1

252. 6666 66666666666666, 1666666666 66 6666, 6666 66666
,66666 6666 666 66666666 6666. [666 6666 66666666.
666 lebeus 666666 66666. 6666666666, 666 6666 66666
6666666666 666666 66666. 6666 66666 66666666 6666
6666666666 666 666666 6666 666 66 6666 66. 6666 ’
666· ver 66666...66;66 6666666666666666666 ,6666666
(6666666 66666666, [einez 6666666666, 666666 666666666666666 6ψί
66 66666 id) 6666 666 6666 6666 66666666 66666666.

66 66666 ,666 66666. 666 66 666 666 6
6666 6666666, 66666666 66 66 6666666666 66666 6666666666, 666 66 abet mfig=

666, 666 66 66666666 6666666ερ 66566666 6666 666 66666 6666666166, 666
666 meet 6666666 666666, 66666 {ein 6666666666 666 666, 6666 hurd)
6666 666666, 6666666666 666666 666τί 666 simut& 6666666666.

254. 666 666666 6666 6666 666, 666 666 66666 666 met 6666 fid)
666666 Heben, 666 666666 [66 met 6666 {ein 66666666 666666, began,
666 66 6666 6666666666 6666666 666, 6666 6666 6666666 et 66666 666
Heben 6666 666 666666

255. 666 6666 666 [666 666666, nim 666 666666. 66666666 fotam,
666 666 666 6666 6666666666 666666 666 666 6666166666 666 3666666666
66666 meet, 6666 666 {oinct 6666666666, 66666166 et 6666666666 66666666
666 bem 666 666 66666.

256. 666 666166 6666666 ²), 666 666 666 6666 meet 6666666 666
666 36666 6666666666, 6666 666 [ie 66666 666 {einer 6666666666, 66666
66666 er 666 666 566666 6666666666 66666666, §einen 6666666 66 666,
666 gu 66666666 [66.

257. 66666 6666, 666 66666 666 6666666666 666 666 66666666 6666
[666 6666, 66 66666 666 6666666666 6666166, bie 666 66666 6666666666
6666666666, 666 666 6666 66666666 6666666, 666 666 66 666666 66666666
6666666 666, mit 66666 steten [66 66 666 in 6666 6666666 6666666666,
6666 66666666 66666 66666. ’

„bne 66666 fid) 666 65666666 6666 6666666 2666666666 6666666 666
666666, mie 666 311 66666666 [66 6666 66666666 6666666 666 66666666
6666666666 66666 66666666 666 6666666 666666 666 66666 6666666 6666
666666 66666 in [66666 6666666666, 6666 666666 5666666666 666666 666
6666666 66 6666666 66666666 6666 6666666666, 666 66666666 6666666 666
6666666666, 66 6666666666, 666 abent ῧ66666666. 66666. 1517.

-----

’) In marga (666. 32. c. — ¹) In marga 616 66666. 9.6

 

