-71-.-

11111111 11111 1111111, 1111111111 11111 1111111, 111111111111111111111111 .
1111111 1111111, 111111 ’1 11111111 11111 111111, 1111 ’1 1111111111 11111 111
111111, 111111111111111111111 1111111111 (1111111 1111111 111111 1111111,
111 111111 11111 11111111 ’1. (111111 1111 11111 1111 11111111, 111
1111111 31111 11111111, 11111111 111, 111 111111, 111111 1111111111 11 1111111
11111111 1111 1111 11111, ‘Det 1111111 1111111111 1111111111, 1111 114)
1111111 11111 111111 111, 11111 1111 111 1111 111111 1111 1111111111, 11111, 1111
111 1111111 11111111 1111111, 1111 1111 11111111 1111111 1111111111 111111,
311111111111111111 1111111111, 111 111111 1131111, 1111 11111111
1111111 11111 111111 1111111111 1111111. 1111 11111 1111111111 1111, 11111111
111 111 111, 111111 11111111 11111 1111 1111 11111111 11111, 111111111111111,
1111 11111 11 111111111 111,1111111111111111111111111111,11111111

1111,111111 (11111111111111111111 1111111111111,111111 1111 111111 1111111111,
11111111111111111111111111111111111111, 1111111111, 11111111 111,
111111111111111111111111111111, 11111111111111111 1119 11111111 111111
111 11,11111 11111111111111,111111111111111.1111111111 11111111
11111111111111111111111 11111111111111111,111111111111111,1111111
111111, 11111111111111111111111111111,11111111111111111111,11111111
leben 1111111111 111 1111 111 11 1111111111, 1111 1111111 111 1111111 111
11111111111111111111111. 1111111111111111111111111111 11111111
1111 11111111 1111, 111111111111111,111111111111111 1111111111 11111111

1111 1111111 11111 1111111111 111 11111111 1111 11111111111111, 11111111111111,
111 1111111 11111111111 111 1111111111 1111111 bun) 1111111111111111111
1111111111 11111111 1111 11111 1111111111 111 11111111 111 11111 11111111111111111
1111111111 1111111 ’1, 11111111111111111111, 11111111 111, 11 1111 111
1111, 11111 111 111111, 11 11111 111 11111 1111, 1111 111 11111 1111 11111
1111111 1111 1111111111 111, 3111 1111111111111111111111111111,11 11111111
1111111111,11111111111111111,11111111111111111111,1111111111111
1111111111, 111111111111111111111 11111111111111111111”1, 111 1111111111
1111111111111111”1,1111111111111111111)1111111111111111111111,
11111111111111111111111111,11111111111111111111111111111111111111111, .
31 11111111 111 1111 1111111111Ι ’1111111 111 1111111 11 11111111111111111111
1111111111 11111’41, 1111111111 111 11 111 1111111111 11111 1111111 1111111
1111111 11111 1111111111 111111 11111111 111. 11111 11111111 1111, 1111111111, 111
1111, 11111 1111 11111111 1111111111,111111111111,11111111’1111111111111

’1Β.1Β1111.-« ’1Β.11111.-’1Α11Β111111111,1111111111.1.”-’1111
om. B. — ³) B. 111111. - ⁸) A. 11111111Β. om. - ⁷) A. 111111 1111. Β 1111111111
11111111-’1Β111111111111-Λ11111Α1Β111111,.311111’-”111Α

1,1.11.11111111.1.1’Ἰᾱει11.-Β”1)Δ1Β1111111.; ,.311111..111’
’1111111111 ,..1.1)111111’ 811μ-111111Β ¹)A. 1111111111111111111-
“)ΑπΒΜ Μ Ν11111.1.

 

