-804

’ 1111111 111111 1111 111 11111 11111111, 111111 1111111 1111111, 11111 1
,1111 111 1111 (1111111, 111111 111111 11111 111111, 111111 111 11111111 1111 3
1111111111, 111111 111 1111111 1111111 11111, 1111111111 111111, 11111 ,

1111111111, 1111111111111111, 111111111111111111111 11111, 1111111 1111111,
11111 111111 11111, 1111111 11111111 11111, 111111 111111111111, 1111111
’ 11111, 11111 111111 11111, 1111111 1111 1111111111, 111111 111111 11111111,

1111111111111111111, 11111 111111111111111,1111111111111 1111 1, ;

11111 111111 1111111111, 111111111111111111, 1111111111111, 1111111111

1111, 11111 111 1111111, 1111111 1111 1111111111, 11111 (1111111111, 1111111 ’
111 1111111111 1111111111, 11111 111 11111111 1111111, 1111111 1111111111 ¹
111 1111111111, 1111 1111 111 11111111 1111111111 111111 1111111111 1
11111111 11111111 111111, 111 111111 1111111111 111111 11111, 1111111111 ,
111 111 111 ¹) 1111 111, 111111 111 111 1111 1111111, (1111 111111111111111 ἶ
’111111 111111 1111111111 1111111111 11111111, 1111111111 1111111111 111. &fl 1
111 1111 111 1111111111 111111111111111111111 11111111 11111 1111111 1111

Ι11111111 111111, 111111 11111111 11111 1111 1111111111111111111111111,
ffiageetnbge 1111 1111111111 1111111111 11111 1111 1111111 111111, 1111

1111 11111111 (11111111 111 1111111111111111111111111

1111 1111111111111 11111111, 11 11111111 1111 1111 111111 1111111111, ¹
1111 111111111111111 111111111111, 11111 1111 11111111111111111 ges f
1111111111, 111 1111111111111111111,111 1111111111 1111 11111111 2
· 1111 11111111111111111111111111111111111111111111111111111 ¹
1111111111111111.61111111 11111111 1111111 111111111, 11111 1

1111111111 1111111111 11111111111111111111111111111 11111 11111111,
1111 111 111111111111111111111111111111111111111111111111111 11111
11 1111 11111 11111, 111111111111111111,111 1111111 111111, 1111111111
1111, 111 1111111111 11111 11111111 1111111 11 11111111111111, 1111
11111111 111111111111, 11111111, 11111111 1111111 1111 11111111 11111, 111
1111111111111111111111111 111 11111111111111 11111111, 111 11111111

„ 111111, 11111111111111111111111, 111 11111111111111111111, 111 11111 ¹

111111 §Die 11111111 111 1111111111, 111 11111111 111 1111111111, 111 1111

1111111111111111111111, 111 1111111 1111111111111, 111 111111 1111111111,
111 11111111 1111111111, 1111111111111111111111, 111111111111111111111111 ,

111 111111111111111111, 111 11111111111. 1111111 111 1111111, 1111
111111111111111, 111, 1111, 1111111111111,111111111, 1111111111, 11ι
111111,1111111111,111111111111111,11111111,11111111111111111,11111“,

⁹ 111111.- ’.13111- ’.111-111111-11111Β111111111 ,1111111111
1111*1)Α1.Β1111111.1,,.-.”-11111111111 .·.

 

