..81-

1111ιι, 111111, 1111111111, 11111, 1111111111 1111 11111111, 1111 11111111
δειιιι 11111 1111111111, 11ιιδ 1111111111111111, 1111111 111, 11111111,
111111 11111, 1111111111 1111 1111111111). 1111111111 1111 111111 11111111
11111Ι 11 δ1ιιι 11111111 111 1111 11111, 111 1111 1111 δ11 1111111, 11111111

11111111, δε1 1111 1111 111111, 11111 11111 11111111 11111111 11111111 111, ’

(11111111 δ11 1111111111111 111 11 1111111111, 111 11 1111111111111111
1111111111 1111 1111 111111. 1111 1111111111 11111111 11 1111111 1111, 1111
11111 11111111 11111111111, 1111111111, 11111111, 111111111111111111
111111 11111, beten 1111111111 11111111 11111111, §Die 1111111111 111111,
1111111 δ11 1111111111 111111, 1111111 111111, 11111 11111111, 1111 11111 1111
1111111111111, 1111 111111 11111111. 1111111111, 1111 δ11 11111111 1111
1111 1111111, 111 111111, 111111111111111111 111111111111, 11111111111111111
11111 11111111 111111 1111111111, 111 111 1111111111111 111111, 1111 111
[111111 11111111 1111111111111111111,11,111111 11111 δ1111δ1,11111111111 111111
11111111, 1111111111 1111111111111111111 1111111111111113111111111111,
111111111111111111111111 11 11111111111111111111111, 111111111111
11111 1111 1111111111, 111 11111111111111,1ιιι1 1111111111, 111
11111111111111111111111111111111,[1111111111111111111111111·

1111111111111 1111111111, 111111111111111111, 11 111 1111 δ11 111, 11

1111111111111111111111111111.ὓ1111111ιι1111,1111111111111 ·,

1111 111111, 11111111111111 1111111111, (11111111111111111111, 1111
11 1111 1111111111111111111111111, 11111111 1111111111 11111111111111111111
111111111111111111111111,1111111,11 11111111, 1111111111 11111111111111,
δ11 111111111111111111111111, 1111 1111111111, 111111111111111111111111
1111 11111111 1111111 11111111, 11111111 1111 1111111111 11111111, 11111 111111
1111111111, 111111 111 11111111 11111 111111, 11111 1111 111 111 1111111111
1111111111 11111, 111111111111 11111 1111111 1111111, 11111111111111111111 ·
1111111, 1111111111 11111 11111111, ιιιιι1 1111111 1111111 111 11 1111111111
11111111, 1111111 1111 111111 1111111111 11 11111111, 11111 111111 1111111111 111

11111 111 1111111111, 11111 1111111 1111111 1111111111,1ειι 111111
1111111 1111111 1111 1111111111 1111111111 1111111111, 111119111111111111
1111111111111111111 1111 911111111, 11111111 1111 11111 1111111111
1111111111 11111 1111111 1111111, 1111111111111111 111111 111111.

1111 111111 11111111 1111 δ11 [111111 11111111 δ11
1111111111 1111111111
111111 111111 1111 111 1111111111111111111111111111111, 111 1111111111,
1111111 1111, 1111111111 111111 11111 11 1111111111, 111111111111 1111,

¹) B. 11111111. - ²) A in marga ,1111111111 c.¹‘ Idem B. - ⁸) A in
marga ,(111. 1111111111 Eundem canticorum locum 11111111- *1Α in marm
„Suam 111. 1111 1111111111- ⁸) B. 111111111.-· ⁶) B. 1111111111. - ¹) A per
errorem: 11. - ’1111111

 

