’1
-md
1

· 246. 2111111 1111111114 11111 1111 1111141411, Q QQQ 111 1111,
Q 1111 1111111 1111111, 11· 1111 111 111, 1111111 1111 1141111114
111111 11111, 1111111111111, 111 111111, 111-111111
111111 1111111111 111111 11111111 1111111 111, 111 111111 1111111 111111, 11111
1111111, 1111 11111 1111111, 211 1111 111111111111411111, 111 1111114111

2141 1121111111 111111111111411111, 1111111111
21411111. (11 ’

247. 2214 1111 1111111114 1111111111111211111141111111141
1111111111111,11111111114111111111111111111111111111
11111111111111. 2111 1111111111 1111 11114111 1111111111 114 11111411
111111111111,1111111111111111111. 311111111111111111114111

111111111111114111111111111111111111111111111111111111111111
111111111111111111111111111111111111. , -

¹- ..244311111111141411111111111111111111111111111 QQQ
1111114 1111141111 11111111 111111 ,111 1111111 1111111111 Qu 111
111111 1141111114114211111111111111114)211111111111111111111
1111111 1111 11111111, QQQQ 11111111 11111 111111 11111111 111111 1111
1111111141, 1111111111 11111 1111 1111111111 1111111 1111111 111111, 11111
1111 111 111 111111 11, 111 114 111111 11111 111 1111111. , .

’ 249. 2111111 1111111111 111111. 1111 111111111111111, 11111111
111111111111111111111111111114111, 11111111, 11111111111111114
4111111144111111411111,1111111411111114.1411111111 1111111,
11111111 111111111111111111111 1111111111111111,1111111,.114,
1111141111111111, 1111111111, 1111111111111111111111111111...

. QQ. 214 4111111 4111111111 14114111111111 11111111
1111111111 141115111411411111 11111 111111 11111111 1111111 11111 ,1111111
111111111111111111114111111111114111,11411111111111111141211111
1111114111,11111111111111111111111121111111111111111111
1111111111111111412111, 211111111211, 2111111 1111111 111114
111111111411111111111111111111 (1141111111111111111111,11111111
11111111111141111111 11111111111111111111111111111111111.

251. 3111 111111, 114 1111 Q 111 111411114111111111111111141
111114 111114111111,111111411111111111111111111111111111111111
111111,1114111111111114,114114111141111111111411111111111111,
1111111 1111111111114

-fl-—n--w

1³2²'¹¹¹)I 422414· 211421118- ’1414111111 1111111141· 1111111111.
¹41·anan (Qum :QQIQng mm ⁷,

 

